0,389
0,388
25,52
25,51
25,50
25,49
25,48
25,47
25,46
25,45
25,44
25,43
25,42
25,41
25,40
25,39
25,38
25,37
25,36
25,35
0,387
0,386
0,385
30,3
30,2
30,1
30,0
29,3
29,2
29,1
29,0
0,384
0,319
0,318
28,4
28,3
28,2
28,1
28,0
0,317
0,316
27,4
27,3
27,2
0,283
0,243
27,1
27,0
26,3
26,2
0,9
26,1
26,0
3,1
3,3
10,154
10,205
10,115
10,88
10,89
10,7
11,16
11,10
11,7
11,9
9,7
8,16
8,13
8,7
8,9
8,12
8,17
20,3
20,2
20,1
12,3
12,2
12,1
19,2
11,30
19,1
11,29
19,3
11,28
11,27
11,26
11,25
11,24
11,23
11,22
11,21
11,19
11,18
11,17
